[N
41
36
8 iInstExt
5
6 dffg_n
7
20 butter_extender_nt32
30
10 ADDR_WIDTH
19
4 in10
21
4 in12
20
4 in13
22
4 in14
23
4 in15
9
8 mux2t1_n
4
1 N
39
5 mixed
32
12 dffg_n_reset
28
3 rtl
11
5 WIDTH
25
11 ones_comp_n
<<<<<<< HEAD
=======
1
85 /home/zevang/Documents/CPRE3810_Fall_2025/Proj_part_2/containers/sim_container_0/work
>>>>>>> 858f727 (asian lady bug)
2
8 nbit_reg
35
9 structure
26
15 addsub_overflow
6
10 behavioral
8
13 generatebased
41
12 OUTPUT_TRACE
<<<<<<< HEAD
1
76 /home/shanen/CPRE 3810 Project 1/Proj_part_2/containers/sim_container_0/work
=======
38
2 tb
>>>>>>> 858f727 (asian lady bug)
15
3 in2
13
3 in4
12
3 in5
14
3 in6
16
3 in7
18
3 in8
17
3 in9
34
15 riscv_processor
<<<<<<< HEAD
38
2 tb
=======
>>>>>>> 858f727 (asian lady bug)
29
10 DATA_WIDTH
31
13 carry_adder_n
10
8 mux_16t1
3
10 structural
27
3 mem
24
18 carry_adder_n_over
40
9 gCLK_HPER
33
11 RESET_VALUE
37
9 iInstAddr
]
[G
1
<<<<<<< HEAD
32
6
=======
27
28
1
30
1
0
10
0
0 0
0
0
]
[G
1
24
3
1
4
1
0
32
0
0 0
0
0
]
[G
1
5
6
1
4
1
0
32
0
0 0
0
0
]
[G
1
7
8
1
4
1
0
32
0
0 0
0
0
]
[G
1
32
6
1
4
1
0
32
0
0 0
0
0
]
[G
1
38
39
1
40
0
0
0
0
8 8
-128
-106
-104
0
0
0
0
0
0
0
]
[G
1
38
39
1
4
1
0
32
0
0 0
0
0
]
[G
1
27
28
1
29
1
0
32
0
0 0
0
0
]
[G
1
9
3
1
4
1
0
32
0
0 0
0
0
]
[G
1
34
35
1
4
1
0
32
0
0 0
0
0
]
[G
1
25
3
1
4
1
0
32
0
0 0
0
0
]
[G
1
2
3
1
4
1
0
32
0
0 0
0
0
]
[G
1
2
3
2
4
1
0
1
0
0 0
0
0
]
[G
1
2
3
3
4
1
0
4
0
0 0
0
0
]
[G
1
2
3
4
4
1
0
3
0
0 0
0
0
]
[G
1
2
3
5
4
1
0
5
0
0 0
0
0
]
[G
1
2
3
6
4
1
0
2
0
0 0
0
0
]
[G
1
26
3
1
4
1
0
32
0
0 0
0
0
]
[G
>>>>>>> 858f727 (asian lady bug)
1
32
6
1
33
0
0
0
0
32 0
2
2
2
2
2
2
2
2
2
3
2
2
2
2
2
2
2
2
2
2
2
2
2
2
2
2
2
2
2
2
2
2
0
0
]
[G
1
31
3
1
4
1
0
32
0
0 0
0
0
]
[G
1
10
6
1
11
1
0
32
0
0 0
0
0
]
[G
1
38
39
1
41
0
0
0
0
8 8
109
115
46
116
114
97
99
101
1
1
1 8 1 1
]
[G
1
27
28
1
30
1
0
10
0
0 0
0
0
]
[G
1
24
3
1
4
1
0
32
0
0 0
0
0
]
[G
1
5
6
1
4
1
0
32
0
0 0
0
0
]
[G
1
7
8
1
4
1
0
32
0
0 0
0
0
]
[G
1
32
6
1
4
1
0
32
0
0 0
0
0
]
[G
1
38
39
1
40
0
0
0
0
8 8
-128
-106
-104
0
0
0
0
0
0
0
]
[G
1
38
39
1
4
1
0
32
0
0 0
0
0
]
[G
1
27
28
1
29
1
0
32
0
0 0
0
0
]
[G
1
9
3
1
4
1
0
32
0
0 0
0
0
]
[G
1
34
35
1
4
1
0
32
0
0 0
0
0
]
[G
1
25
3
1
4
1
0
32
0
0 0
0
0
]
[G
1
2
3
1
4
1
0
32
0
0 0
0
0
]
[G
1
2
3
2
4
1
0
1
0
0 0
0
0
]
[G
1
2
3
3
4
1
0
4
0
0 0
0
0
]
[G
1
2
3
4
4
1
0
3
0
0 0
0
0
]
[G
1
2
3
5
4
1
0
5
0
0 0
0
0
]
[G
1
2
3
6
4
1
0
2
0
0 0
0
0
]
[G
1
26
3
1
4
1
0
32
0
0 0
0
0
]
[P
1
10
6
12
13
1
0
0
]
[P
1
10
6
14
15
1
0
0
]
[P
1
10
6
16
13
1
0
0
]
[P
1
10
6
17
18
1
0
0
]
[P
1
34
35
36
37
1
0
0
]
[P
1
10
6
19
13
1
0
0
]
[P
1
10
6
20
21
1
0
0
]
[P
1
10
6
22
21
1
0
0
]
[P
1
10
6
23
21
1
0
0
]
